comment,amr
You're a moron. Please tell us what job you do that contributes so much to society.,"# ::snt You're a moron. Please tell us what job you do that contributes so much to society.
(m / multi-sentence
      :snt1 (m2 / moron
            :domain (y / you))
      :snt2 (t / tell-01
            :mode imperative
            :polite +
            :ARG0 (y2 / you)
            :ARG1 (j / job
                  :ARG1-of (d / do-02
                        :ARG0 y2)
                  :ARG0-of (c / contribute-01
                        :ARG2 (s / society)
                        :ARG1-of (h / have-quant-91
                              :ARG2 (m3 / much)
                              :ARG3 (s2 / so))))
            :ARG2 (w / we)))"
"Tame compared to some comments below.. One guy said that if it weren't for men putting up with women's shit they wouldn't survive, and some gold about how without men protecting them they'd be traded like commodities. It's the same hypocrisy radical feminists have. It's not striving for equality it's just straight up 'I think I'm better than you and I justify it with my victim complex'. I'm a victim cuz I'm a man and men fight in wars and do manual labour!!!... I'm not saying I do... BUT SOME OF THEM DO AND I HAVE A PENIS AS WELL SO.","# ::snt Tame compared to some comments below.. One guy said that if it weren't for men putting up with women's shit they wouldn't survive, and some gold about how without men protecting them they'd be traded like commodities. It's the same hypocrisy radical feminists have. It's not striving for equality it's just straight up 'I think I'm better than you and I justify it with my victim complex'. I'm a victim cuz I'm a man and men fight in wars and do manual labour!!!... I'm not saying I do... BUT SOME OF THEM DO AND I HAVE A PENIS AS WELL SO.
(m / multi-sentence
      :snt1 (t / tough-02
            :ARG1 (s / say-01
                  :polarity -
                  :ARG0 (ii / i)
                  :ARG1 (d / do-02
                        :ARG0 ii))
            :ARG1-of (c / compare-01
                  :ARG2 (t2 / thing
                        :ARG1-of (c2 / comment-01
                              :location (b / below)))))
      :snt2 (c3 / contrast-01
            :ARG1 (s2 / say-01
                  :ARG0 (ii2 / i)
                  :ARG1 (d2 / do-02
                        :ARG0 (m2 / man)))
            :ARG2 (a / and
                  :op1 (s3 / survive-01
                        :polarity -
                        :ARG0 (t3 / they
                              :quant (s4 / some))
                        :condition (p / put-up-12
                              :polarity -
                              :ARG0 (m3 / man)
                              :ARG1 (s5 / shit
                                    :poss (w / woman))))
                  :op2 (g / gold
                        :quant (s6 / some)
                        :topic (t4 / trade-01
                              :ARG1 t3
                              :ARG3 (c4 / commodity)
                              :condition (p2 / put-up-12
                                    :polarity -
                                    :ARG0 m3
                                    :ARG1 s5)))))
      :snt3 (s7 / same-01
            :ARG1 (h / hypocrisy)
            :ARG2 h
            :ARG1-of (h2 / have-03
                  :ARG0 (f / feminist
                        :ARG1-of (r / radical-02))))
      :snt4 c3
      :ARG1 (s8 / strive-01
            :polarity -
            :ARG0 (ii3 / it)
            :ARG1 (e / equal-01))
      :ARG2 (a2 / and
            :op1 (t5 / think-01
                  :ARG0 (ii4 / i)
                  :ARG1 (h3 / have-degree-91
                        :ARG1 ii4
                        :ARG2 (g2 / good-03
                              :ARG1 ii4)
                        :ARG3 (m4 / more)
                        :ARG4 (y / you)))
            :op2 (j / justify-01
                  :ARG0 ii4
                  :ARG1 ii3)
            :instrument (c5 / complex
                  :mod (v / victim)
                  :poss ii4)))"
"Yeah, it's absurd and pathetic, and only helps radicalize people on the other side of the argument.","# ::snt Yeah, it's absurd and pathetic, and only helps radicalize people on the other side of the argument.
(a / and
      :op1 (a2 / and
            :op1 (a3 / absurd)
            :op2 (p / pathetic)
            :domain (ii / it))
      :op2 (h / help-01
            :ARG0 ii
            :ARG1 (r / radicalize-01
                  :ARG1 (p2 / person
                        :location (s / side
                              :mod (o / other)
                              :poss (a4 / argue-01))))
            :mod (o2 / only)))"
what would a single example have to with the entirety of society,"# ::snt what would a single example have to with the entirety of society
(o / obligate-01
      :ARG1 (e / example
            :ARG1-of (s / single-02))
      :ARG2 (a / amr-unknown
            :prep-with (s2 / society
                  :mod (e2 / entire))))"
"i ain't reading that, but a reminder, sweatie; if it wasn't for male enforced civilization, females would be traded as a commodity.","# ::snt i ain't reading that, but a reminder, sweatie; if it wasn't for male enforced civilization, females would be traded as a commodity.
(s / say-01
      :ARG0 (ii / i)
      :ARG1 (c / contrast-01
            :ARG1 (r / read-01
                  :polarity -
                  :ARG0 ii
                  :ARG1 (t / that))
            :ARG2 (r2 / remind-01
                  :ARG0 ii
                  :ARG1 (t2 / trade-01
                        :ARG1 (f / female)
                        :ARG3 (c2 / commodity)
                        :condition (c3 / civilize-01
                              :polarity -
                              :ARG0 (m / male)
                              :ARG1-of (e / enforce-01)))))
      :ARG2 (p / person
            :name (n / name
                  :op1 "" sweatie"")))"
"Again, it's sweetie. It's hard for me to take your put downs seriously when you can't spell a letter word. HAHAHA, there's nothing I have to say to you. You're the first person I've come across on reddit that genuinely stinks of an incel.","# ::snt Again, it's sweetie. It's hard for me to take your put downs seriously when you can't spell a letter word. HAHAHA, there's nothing I have to say to you. You're the first person I've come across on reddit that genuinely stinks of an incel.
(m / multi-sentence
      :snt1 (s / sweetie
            :mod (a / again))
      :snt2 (h / hard-02
            :ARG1 (t / take-04
                  :ARG0 (ii / i)
                  :ARG1 (p / put-down-15
                        :ARG0 (y / you))
                  :ARG2 (s2 / serious-01)
                  :time (p2 / possible-01
                        :polarity -
                        :ARG1 (s3 / spell-01
                              :ARG0 y
                              :ARG1 (w / word
                                    :mod (l / letter)))))
            :snt3 (n / nothing
                  :ARG1-of (s4 / say-01
                        :ARG0 (ii2 / i)
                        :ARG2 (y2 / you))
                  :mod (h2 / haha
                        :mode expressive))
            :snt4 (p3 / person
                  :ord (o / ordinal-entity
                        :value 1)
                  :ARG1-of (c / come-across-21
                        :ARG0 ii2
                        :medium (p4 / publication
                              :name (n2 / name
                                    :op1 ""YouTube"")))
                  :ARG1-of (s5 / stink-01
                        :ARG2 (ii3 / incel)
                        :manner (g / genuine))
                  :domain y2)))"
"ooh you did the passe meme that's wrong % of the time while being unable to refute a basic truth you will instinctively admit to no one but your shuddering subconscious. cool beans, babe","# ::snt ooh you did the passe meme that's wrong % of the time while being unable to refute a basic truth you will instinctively admit to no one but your shuddering subconscious. cool beans, babe
(m / multi-sentence
      :snt1 (d / do-02
            :ARG0 (y / you)
            :ARG1 (m2 / meme
                  :mod (p / passe)
                  :ARG1-of (w / wrong-04
                        :frequency (p2 / percentage-entity
                              :value 1)))
            :mod (o / oh
                  :mode expressive)
            :time (c / capable-01
                  :polarity -
                  :ARG1 y
                  :ARG2 (r / refute-01
                        :ARG0 y
                        :ARG1 (t / truth
                              :mod (b / basic)
                              :ARG1-of (a / admit-01
                                    :ARG0 y
                                    :ARG2 (n / no-one
                                          :ARG2-of (e / except-01
                                                :ARG1 (s / subconscious
                                                      :ARG1-of (s2 / shudder-01)
                                                      :poss y)))
                                    :manner (ii / instinct))))))
      :snt2 (s3 / say-01
            :ARG1 (b2 / bean
                  :ARG1-of (c2 / cool-04))
            :ARG2 (b3 / babe)))"
> Unable to refute a basic truth A basic truth shouldn't be hard to prove. Yet here we are.. Still haven't proved it.. YIKESSSSSSSS (*I'm just doing a cool meme thing*),"# ::snt > Unable to refute a basic truth A basic truth shouldn't be hard to prove. Yet here we are.. Still haven't proved it.. YIKESSSSSSSS (*I'm just doing a cool meme thing*)
(m / multi-sentence
      :snt1 (a / and
            :op1 (c / capable-01
                  :polarity -
                  :ARG2 (r / refute-01
                        :ARG1 (t / truth
                              :mod (b / basic))))
            :op2 (r2 / recommend-01
                  :ARG1 (h / hard-02
                        :polarity -
                        :ARG1 (p / prove-01
                              :ARG1 (t2 / truth
                                    :mod (b2 / basic))))))
      :snt2 (c2 / contrast-01
            :ARG2 (b3 / be-located-at-91
                  :ARG1 (w / we)
                  :ARG2 (h2 / here)))
      :snt3 (p2 / prove-01
            :polarity -
            :ARG0 (ii / i)
            :ARG1 (ii2 / it)
            :mod (s / still))
      :snt4 (d / do-02
            :ARG0 ii
            :ARG1 (t3 / thing
                  :mod (m2 / meme)
                  :ARG1-of (c3 / cool-04))
            :mod (j / just)))"
that one isn't cool at all,"# ::snt that one isn't cool at all
(c / cool-04
      :polarity -
      :ARG1 (o / one
            :mod (t / that))
      :degree (a / at-all))"
