comment,amr
"Obviously you didn't read the article: >Tenafly Police released a video Tuesday revealing just why (Caren Z.) Turner abruptly resigned last week as a commissioner of the Port Authority of New York and New Jersey. Regardless, anyone named Karen who spells it with a ""C"" is bound to be a pain in the ass. She must have poked holes in the condom to con her husband into marrying her.","# ::snt Obviously you didn't read the article: >Tenafly Police released a video Tuesday revealing just why (Caren Z.) Turner abruptly resigned last week as a commissioner of the Port Authority of New York and New Jersey. Regardless, anyone named Karen who spells it with a ""C"" is bound to be a pain in the ass. She must have poked holes in the condom to con her husband into marrying her.
(m / multi-sentence
      :snt1 (r / read-01
            :polarity -
            :ARG0 (y / you)
            :ARG1 (a / article)
            :ARG1-of (o / obvious-01))
      :snt2 (r2 / release-01
            :ARG0 (p / police
                  :name (n / name
                        :op1 ""Tenafly""
                        :op2 ""Police""))
            :ARG1 (v / video
                  :ARG0-of (r3 / reveal-01
                        :ARG1 (t / thing
                              :ARG0-of (c / cause-01
                                    :ARG1 (r4 / resign-01
                                          :ARG0 (p2 / person
                                                :name (n2 / name
                                                      :op1 ""Caren""
                                                      :op2 ""Z.""
                                                      :op3 ""Turner""))
                                          :ARG1 (h / have-org-role-91
                                                :ARG0 p2
                                                :ARG1 (g / government-organization
                                                      :name (n3 / name
                                                            :op1 ""Port""
                                                            :op2 ""Authority""
                                                            :op3 ""of""
                                                            :op4 ""New""
                                                            :op5 ""York""
                                                            :op6 ""and""
                                                            :op7 ""New""
                                                            :op8 ""Jersey""))
                                                :ARG2 (c2 / commissioner))
                                          :time (w / week
                                                :mod (l / last))
                                          :manner (a2 / abrupt)))))
                  :time (d / date-entity
                        :weekday (t2 / tuesday))))
      :snt3 (h2 / have-concession-91
            :ARG1 (b / bind-02
                  :ARG1 (a3 / anyone
                        :ARG1-of (n4 / name-01
                              :ARG2 (p3 / person
                                    :name (n5 / name
                                          :op1 ""Karen""
                                          :op2 ""Z.""
                                          :op3 ""Turner"")))
                        :ARG2 (p4 / pain-01
                              :ARG0 (s / string-entity
                                    :value ""C"")
                              :ARG1 (a4 / ass)))))
      :snt4 (ii / infer-01
            :ARG1 (p5 / poke-01
                  :ARG0 (s2 / she)
                  :ARG1 (c3 / condom)
                  :ARG2 (h3 / hole)
                  :purpose (c4 / con-01
                        :ARG0 s2
                        :ARG1 (p6 / person
                              :ARG0-of (h4 / have-rel-role-91
                                    :ARG1 s2
                                    :ARG2 (h5 / husband)))
                        :ARG2 (m2 / marry-01
                              :ARG1 s2)))))"
Lol Are you serious? You think she resigned of her free will? This was a forced resignation. Its Either resign or you'll be removed.,"# ::snt Lol Are you serious? You think she resigned of her free will? This was a forced resignation. Its Either resign or you'll be removed.
(m / multi-sentence
      :snt1 (s / serious-01
            :ARG1 (y / you)
            :ARG2-of (l / laugh-01
                  :mode expressive
                  :manner (l2 / loud)))
      :snt2 (t / think-01
            :ARG0 (y2 / you)
            :ARG1 (r / resign-01
                  :ARG0 (s2 / she)
                  :ARG1-of (w / will-02
                        :ARG0 s2
                        :ARG1-of (f / free-04))))
      :snt3 (f2 / force-01
            :ARG1 (t2 / this)
            :ARG2 (r2 / resign-01))
      :snt4 (o / or
            :op1 (r3 / resign-01
                  :ARG0 (y3 / you))
            :op2 (r4 / remove-01
                  :ARG1 y3)))"
