comment,amr
Tories launch biggest crackdown on trade unions for 30 years,"# ::snt Tories launch biggest crackdown on trade unions for 30 years
(l / launch-01
      :ARG0 (p / political-party
            :name (n / name
                  :op1 ""Tory""))
      :ARG1 (c / crack-down-06
            :ARG0 p
            :ARG1 (u / union
                  :mod (t / trade-01))
            :ARG1-of (h / have-degree-91
                  :ARG2 (b / big)
                  :ARG3 (m / most)))
      :duration (t2 / temporal-quantity
            :quant 30
            :unit (y / year)))"
"If the Tories are cracking down on Labour's backers this much, I expect the next Labour government to immediately criminalise country estates when elected.","# ::snt If the Tories are cracking down on Labour's backers this much, I expect the next Labour government to immediately criminalise country estates when elected.
(e / expect-01
      :ARG0 (ii / i)
      :ARG1 (c / criminalize-01
            :ARG0 (g / government-organization
                  :ARG0-of (g2 / govern-01)
                  :mod (n / next)
                  :mod (p / political-party
                        :name (n2 / name
                              :op1 ""Labour"")))
            :ARG1 (e2 / estate
                  :mod (c2 / country))
            :time (e3 / elect-01
                  :ARG1 g)
            :time (ii2 / immediate))
      :condition (c3 / crack-down-06
            :ARG0 (p2 / political-party
                  :name (n3 / name
                        :op1 ""Tory""))
            :ARG1 (p3 / person
                  :ARG0-of (b / back-01
                        :ARG1 p))
            :degree (m / much
                  :mod (t / this))))"
I'd be happy if we could just stop 5 guys owning half the land up here,"# ::snt I'd be happy if we could just stop 5 guys owning half the land up here
(h / happy-01
      :ARG1 (ii / i)
      :condition (p / possible-01
            :ARG1 (s / stop-01
                  :ARG0 (w / we)
                  :ARG1 (o / own-01
                        :ARG0 (g / guy
                              :quant 5)
                        :ARG1 (l / land
                              :ARG1-of (ii2 / include-91
                                    :ARG2 (h2 / half))
                              :location (h3 / here
                                    :mod (u / up))))
                  :mod (j / just))))"
