comment,amr
"If Democrats want to win, they should filibuster Trump early and often","# ::snt If Democrats want to win, they should filibuster Trump early and often
(r / recommend-01
      :ARG1 (f / filibuster-01
            :ARG0 (p / person
                  :ARG0-of (h / have-org-role-91
                        :ARG1 (p2 / political-party
                              :name (n / name
                                    :op1 ""Democrat""))))
            :ARG1 (p3 / person
                  :name (n2 / name
                        :op1 ""Trump""))
            :frequency (e / early)
            :frequency (o / often))
      :condition (w / want-01
            :ARG0 p
            :ARG1 (w2 / win-01
                  :ARG0 p)))"
If they do 2018 will be twice the bloodbath it is slated to be.,"# ::snt If they do 2018 will be twice the bloodbath it is slated to be.
(s / slated-02
      :ARG1 (b / bloodbath
            :quant 2
            :domain (d / date-entity
                  :year 2018))
      :condition (d2 / do-02
            :ARG0 (t / they)))"
