comment,amr
A throwback to the old days.,"# ::snt A throwback to the old days.
(t / throwback-03
      :ARG2 (d / day
            :mod (o / old)))"
"Oh, the glory days, when these were actual achievements vs easy mode 600k xp-hr for almost every skill in the game.","# ::snt Oh, the glory days, when these were actual achievements vs easy mode 600k xp-hr for almost every skill in the game.
(d / day
      :mod (g / glory)
      :time-of (c / contrast-01
            :ARG1 (a / achieve-01
                  :ARG1-of (a2 / actual-02)
                  :domain (t / this))
            :ARG2 (r / rate-entity-91
                  :ARG1 (m / monetary-quantity
                        :quant 600000
                        :unit (d2 / dollar)
                        :ARG1-of r
                        :ARG2 (t2 / temporal-quantity
                              :quant 1
                              :unit (h / hour))))
            :ARG2 (s / skill
                  :mod (e / every
                        :mod (a3 / almost))
                  :location (g2 / game)))
      :mod (o / oh
            :mode expressive))"
Tell me a 600k/hour method for even 10 skills and I'll be impressed.,"# ::snt Tell me a 600k/hour method for even 10 skills and I'll be impressed.
(ii / impress-01
      :ARG0 (t / tell-01
            :mode imperative
            :ARG0 (y / you)
            :ARG1 (m / method
                  :topic (s / skill
                        :quant 10
                        :mod (e / even))
                  :frequency (r / rate-entity-91
                        :ARG1 600000
                        :ARG2 (t2 / temporal-quantity
                              :quant 1
                              :unit (h / hour))))
            :ARG2 (ii2 / i))
      :ARG1 ii2)"
