comment,amr
"Image gallery of the current border barriers across Belfast, Northern Ireland","# ::snt Image gallery of the current border barriers across Belfast, Northern Ireland
(g / gallery
      :mod (ii / image)
      :topic (b / barrier
            :mod (b2 / border)
            :time (c / current)
            :location (a / across
                  :op1 (c2 / city
                        :name (n / name
                              :op1 ""Belfast"")
                        :location (c3 / country
                              :name (n2 / name
                                    :op1 ""Northern""
                                    :op2 ""Ireland""))))))"
The main way to end or alleviate the sectarianism in Northern Ireland is to tear down the walls and to desegregate the schools.,"# ::snt The main way to end or alleviate the sectarianism in Northern Ireland is to tear down the walls and to desegregate the schools.
(a / and
      :op1 (t / tear-down-05
            :ARG1 (w / wall))
      :op2 (d / desegregate-00
            :ARG1 (s / school))
      :domain (w2 / way
            :mod (m / main)
            :manner-of (o / or
                  :op1 (e / end-01
                        :ARG1 (s2 / sectarianism
                              :location (c / country
                                    :name (n / name
                                          :op1 ""Northern""
                                          :op2 ""Ireland""))))
                  :op2 (a2 / alleviate-01
                        :ARG1 s2))))"
